=== Run information ===

Evaluator:    weka.attributeSelection.PrincipalComponents -R 0.95 -A 5
Search:weka.attributeSelection.Ranker -T -1.7976931348623157E308 -N -1
Relation:     processed-weka.filters.unsupervised.attribute.AddCluster-Wweka.clusterers.SimpleKMeans -N 12 -A "weka.core.EuclideanDistance -R first-last" -I 500 -S 10
Instances:    42
Attributes:   35
              sip
              sport
              dip
              dport
              protocal
              interval1
              interval2
              interval3
              interval4
              interval5
              interval6
              interval7
              interval8
              interval9
              packet_len1
              packet_len2
              packet_len3
              packet_len4
              packet_len5
              packet_len6
              packet_len7
              packet_len8
              packet_len9
              packet_len10
              payload_len1
              payload_len2
              payload_len3
              payload_len4
              payload_len5
              payload_len6
              payload_len7
              payload_len8
              payload_len9
              payload_len10
              cluster
Evaluation mode:evaluate on all training data



=== Attribute Selection on all input data ===

Search Method:
	Attribute ranking.

Attribute Evaluator (unsupervised):
	Principal Components Attribute Transformer

Correlation matrix
  1     -0.14   0.03   0.11   0     -0.24  -0.09   0.13   0.15   0.11   0.08  -0.06  -0.13  -0.16   0.18  -0.09  -0.28  -0.32  -0.14  -0.08  -0.15   0.18  -0.09  -0.28  -0.32  -0.14  -0.08 
 -0.14   1     -0.06  -0.12   0.22  -0.01   0.12  -0.05   0.09   0.29   0.36   0.46   0.71  -0.5   -0.38  -0.46  -0.48  -0.11   0.13   0.5   -0.52  -0.38  -0.47  -0.49  -0.12   0.12   0.5  
  0.03  -0.06   1      0      0.05   0.32   0.33   0.09   0.31   0.26  -0.15   0.17   0.02   0.06   0.25  -0.44  -0.22   0.19  -0.05  -0.34   0.06   0.25  -0.44  -0.22   0.19  -0.05  -0.35 
  0.11  -0.12   0      1     -0.02  -0.18  -0.15  -0.03   0.1   -0.06  -0.07  -0.03  -0.09   0.05   0.26   0.08   0.11  -0.16  -0.08  -0.07   0.06   0.26   0.08   0.11  -0.16  -0.08  -0.07 
  0      0.22   0.05  -0.02   1      0.14   0.55  -0.05  -0.01   0.01  -0.03   0.24   0.26   0.23  -0.07   0.04  -0.37   0.22   0.36   0.27   0.22  -0.07   0.04  -0.37   0.22   0.36   0.26 
 -0.24  -0.01   0.32  -0.18   0.14   1      0.29   0.13   0.1    0.5    0.01   0.08   0.01   0.18  -0.54  -0.22  -0.12   0.73  -0.07  -0.02   0.18  -0.54  -0.22  -0.12   0.73  -0.07  -0.02 
 -0.09   0.12   0.33  -0.15   0.55   0.29   1     -0.23  -0.34  -0.13  -0.17   0.03   0.13   0.02  -0.37  -0.03  -0.31   0.51   0.16   0.02   0.02  -0.37  -0.03  -0.32   0.51   0.16   0.02 
  0.13  -0.05   0.09  -0.03  -0.05   0.13  -0.23   1      0.25   0.47   0.39  -0.11  -0.11   0.04   0.08  -0.46  -0.47  -0.26  -0.13  -0.09   0.04   0.08  -0.46  -0.47  -0.26  -0.12  -0.09 
  0.15   0.09   0.31   0.1   -0.01   0.1   -0.34   0.25   1      0.75  -0.02   0.05   0.01  -0.22   0.46  -0.3   -0.2   -0.26  -0.04  -0.03  -0.22   0.46  -0.3   -0.2   -0.26  -0.04  -0.03 
  0.11   0.29   0.26  -0.06   0.01   0.5   -0.13   0.47   0.75   1      0.2    0.19   0.23  -0.38  -0.15  -0.58  -0.47   0.03  -0.1    0.11  -0.38  -0.15  -0.58  -0.47   0.03  -0.1    0.11 
  0.08   0.36  -0.15  -0.07  -0.03   0.01  -0.17   0.39  -0.02   0.2    1      0.18   0.21  -0.3   -0.18  -0.17  -0.51  -0.21  -0.12  -0.08  -0.3   -0.18  -0.18  -0.51  -0.22  -0.12  -0.09 
 -0.06   0.46   0.17  -0.03   0.24   0.08   0.03  -0.11   0.05   0.19   0.18   1      0.86  -0.19  -0.14  -0.16  -0.15   0.26   0.36   0.29  -0.21  -0.15  -0.17  -0.15   0.26   0.35   0.28 
 -0.13   0.71   0.02  -0.09   0.26   0.01   0.13  -0.11   0.01   0.23   0.21   0.86   1     -0.36  -0.32  -0.3   -0.29   0.19   0.38   0.44  -0.38  -0.32  -0.31  -0.3    0.19   0.37   0.43 
 -0.16  -0.5    0.06   0.05   0.23   0.18   0.02   0.04  -0.22  -0.38  -0.3   -0.19  -0.36   1      0.28   0.24   0.41   0.3    0.23  -0.27   1      0.28   0.24   0.42   0.3    0.23  -0.27 
  0.18  -0.38   0.25   0.26  -0.07  -0.54  -0.37   0.08   0.46  -0.15  -0.18  -0.14  -0.32   0.28   1      0.17   0.25  -0.51   0.06  -0.41   0.28   1      0.17   0.25  -0.51   0.06  -0.41 
 -0.09  -0.46  -0.44   0.08   0.04  -0.22  -0.03  -0.46  -0.3   -0.58  -0.17  -0.16  -0.3    0.24   0.17   1      0.53   0.18   0.15  -0.08   0.24   0.17   1      0.53   0.18   0.15  -0.08 
 -0.28  -0.48  -0.22   0.11  -0.37  -0.12  -0.31  -0.47  -0.2   -0.47  -0.51  -0.15  -0.29   0.41   0.25   0.53   1      0.13   0.01  -0.17   0.42   0.25   0.53   1      0.13   0.01  -0.17 
 -0.32  -0.11   0.19  -0.16   0.22   0.73   0.51  -0.26  -0.26   0.03  -0.21   0.26   0.19   0.3   -0.51   0.18   0.13   1      0.24   0.05   0.29  -0.51   0.18   0.13   1      0.24   0.05 
 -0.14   0.13  -0.05  -0.08   0.36  -0.07   0.16  -0.13  -0.04  -0.1   -0.12   0.36   0.38   0.23   0.06   0.15   0.01   0.24   1      0.42   0.22   0.06   0.14   0      0.24   1      0.42 
 -0.08   0.5   -0.34  -0.07   0.27  -0.02   0.02  -0.09  -0.03   0.11  -0.08   0.29   0.44  -0.27  -0.41  -0.08  -0.17   0.05   0.42   1     -0.28  -0.41  -0.09  -0.18   0.05   0.42   1    
 -0.15  -0.52   0.06   0.06   0.22   0.18   0.02   0.04  -0.22  -0.38  -0.3   -0.21  -0.38   1      0.28   0.24   0.42   0.29   0.22  -0.28   1      0.29   0.25   0.42   0.3    0.22  -0.27 
  0.18  -0.38   0.25   0.26  -0.07  -0.54  -0.37   0.08   0.46  -0.15  -0.18  -0.15  -0.32   0.28   1      0.17   0.25  -0.51   0.06  -0.41   0.29   1      0.17   0.25  -0.51   0.06  -0.41 
 -0.09  -0.47  -0.44   0.08   0.04  -0.22  -0.03  -0.46  -0.3   -0.58  -0.18  -0.17  -0.31   0.24   0.17   1      0.53   0.18   0.14  -0.09   0.25   0.17   1      0.53   0.18   0.15  -0.08 
 -0.28  -0.49  -0.22   0.11  -0.37  -0.12  -0.32  -0.47  -0.2   -0.47  -0.51  -0.15  -0.3    0.42   0.25   0.53   1      0.13   0     -0.18   0.42   0.25   0.53   1      0.13   0.01  -0.17 
 -0.32  -0.12   0.19  -0.16   0.22   0.73   0.51  -0.26  -0.26   0.03  -0.22   0.26   0.19   0.3   -0.51   0.18   0.13   1      0.24   0.05   0.3   -0.51   0.18   0.13   1      0.24   0.04 
 -0.14   0.12  -0.05  -0.08   0.36  -0.07   0.16  -0.12  -0.04  -0.1   -0.12   0.35   0.37   0.23   0.06   0.15   0.01   0.24   1      0.42   0.22   0.06   0.15   0.01   0.24   1      0.42 
 -0.08   0.5   -0.35  -0.07   0.26  -0.02   0.02  -0.09  -0.03   0.11  -0.09   0.28   0.43  -0.27  -0.41  -0.08  -0.17   0.05   0.42   1     -0.27  -0.41  -0.08  -0.17   0.04   0.42   1    


eigenvalue	proportion	cumulative
  6.15991	  0.22814	  0.22814	0.315dip-0.312payload_len7-0.31packet_len7+0.272packet_len3-0.265payload_len6...
  4.94638	  0.1832 	  0.41134	0.37 packet_len8+0.369payload_len8+0.233packet_len9+0.233payload_len9-0.232payload_len5...
  3.35852	  0.12439	  0.53573	0.405interval4+0.317interval1-0.309packet_len10-0.308payload_len10+0.258payload_len8...
  2.75526	  0.10205	  0.63778	0.369payload_len9+0.369packet_len9+0.35 packet_len5+0.348payload_len5+0.285interval1...
  1.8704 	  0.06927	  0.70705	-0.36interval3+0.353packet_len7+0.35 payload_len7-0.338interval5+0.326interval7...
  1.58099	  0.05856	  0.76561	0.429interval6-0.338interval1-0.313interval5-0.289packet_len2+0.288payload_len10...
  1.32442	  0.04905	  0.81466	-0.53interval9-0.323packet_len2-0.272packet_len3+0.264payload_len10+0.26 packet_len10...
  1.2239 	  0.04533	  0.85999	0.436packet_len6+0.435payload_len6+0.321interval9+0.308interval7+0.293interval8...
  0.96806	  0.03585	  0.89585	-0.858interval2+0.184payload_len9-0.182packet_len2+0.182packet_len9-0.161interval3...
  0.82344	  0.0305 	  0.92634	0.751sport-0.347interval3-0.287dip-0.217interval7+0.182packet_len2...
  0.68011	  0.02519	  0.95153	0.443interval2-0.422interval3+0.33 payload_len9+0.327packet_len9-0.302sport...

Eigenvectors
 V1	 V2	 V3	 V4	 V5	 V6	 V7	 V8	 V9	 V10	 V11	
 0.0157	-0.1895	-0.032 	 0.035 	-0.2305	-0.0793	 0.2495	 0.1893	-0.1414	 0.7506	-0.302 	sport
 0.3152	 0.0087	-0.1716	-0.0223	 0.0439	-0.109 	-0.1175	-0.1741	-0.0363	-0.2873	-0.1288	dip
 0.0511	-0.0608	 0.3166	 0.2846	 0.0992	-0.3381	 0.0971	-0.1835	 0.091 	 0.0605	 0.1693	interval1
-0.082 	-0.0845	-0.0655	 0.0674	 0.0433	-0.0833	 0.1296	 0.0579	-0.8584	-0.0859	 0.4426	interval2
 0.1029	 0.1689	-0.0135	 0.2686	-0.3601	-0.0485	 0.1765	 0.076 	-0.1613	-0.3468	-0.4217	interval3
 0.1173	 0.1841	 0.4051	-0.016 	 0.1666	 0.175 	 0.0453	 0.1741	-0.0524	-0.0572	-0.0507	interval4
 0.098 	 0.2261	 0.1787	 0.0314	-0.3383	-0.3125	 0.2602	-0.1433	 0.0916	-0.112 	 0.1419	interval5
 0.1066	-0.2124	 0.1604	 0.1212	-0.1361	 0.4291	-0.21  	 0.077 	-0.0218	 0.0577	 0.139 	interval6
 0.075 	-0.2306	 0.0434	 0.2778	 0.3259	 0.0509	 0.2527	 0.3077	 0.0878	-0.217 	-0.1169	interval7
 0.249 	-0.139 	 0.1809	 0.1142	 0.2873	 0.1796	 0.1451	 0.2931	 0.0176	-0.0374	-0.0368	interval8
 0.1647	-0.133 	-0.0085	-0.1076	-0.2168	 0.0357	-0.53  	 0.3209	-0.0442	-0.1011	 0.0752	interval9
 0.1931	 0.1277	-0.1167	 0.1874	 0.2155	-0.289 	-0.3235	 0.1044	-0.1822	 0.1819	-0.2653	packet_len2
 0.2721	 0.127 	-0.1728	 0.1112	 0.1639	-0.2472	-0.2724	-0.029 	-0.1134	 0.0559	-0.1478	packet_len3
-0.239 	 0.1535	 0.1594	 0.2507	-0.1218	 0.2572	-0.1662	-0.16  	-0.1584	-0.0058	-0.216 	packet_len4
-0.2255	-0.2312	-0.0948	 0.3495	 0.0327	-0.1222	 0.007 	 0.0344	 0.0637	-0.1003	-0.035 	packet_len5
-0.2629	 0.1705	-0.1729	-0.1108	-0.096 	-0.0833	 0.0448	 0.436 	 0.0475	-0.1158	-0.0183	packet_len6
-0.3097	 0.1201	-0.0799	-0.0774	 0.3528	 0.0143	-0.0489	-0.1182	-0.017 	 0.0341	-0.089 	packet_len7
 0.0287	 0.3699	 0.2564	 0.0075	 0.1099	-0.0552	 0.004 	 0.1678	-0.0378	 0.0873	 0.0508	packet_len8
 0.0404	 0.2333	-0.2255	 0.369 	-0.0398	 0.0923	-0.0707	 0.0605	 0.1818	 0.1483	 0.327 	packet_len9
 0.205 	 0.1608	-0.3087	-0.0024	 0.0646	 0.2846	 0.2603	-0.0882	-0.0649	 0.0064	-0.0497	packet_len10
-0.2443	 0.1482	 0.1627	 0.2448	-0.1252	 0.2615	-0.1565	-0.1574	-0.1534	-0.0073	-0.2094	payload_len4
-0.2272	-0.2316	-0.0931	 0.3477	 0.0313	-0.1198	 0.0093	 0.0345	 0.0644	-0.1005	-0.0336	payload_len5
-0.2654	 0.1682	-0.17  	-0.1118	-0.0978	-0.0797	 0.0481	 0.4346	 0.0488	-0.116 	-0.0163	payload_len6
-0.3116	 0.1184	-0.0779	-0.0783	 0.3501	 0.0168	-0.0459	-0.1176	-0.0158	 0.0334	-0.0872	payload_len7
 0.0266	 0.3694	 0.2582	 0.0067	 0.1087	-0.0533	 0.0061	 0.1683	-0.0369	 0.087 	 0.052 	payload_len8
 0.0377	 0.2329	-0.2246	 0.3693	-0.0416	 0.0952	-0.0681	 0.0611	 0.1837	 0.1483	 0.3299	payload_len9
 0.2032	 0.1603	-0.3083	-0.0035	 0.0633	 0.2881	 0.2639	-0.0883	-0.0641	 0.0059	-0.0485	payload_len10

Ranked attributes:
 0.7719   1 0.315dip-0.312payload_len7-0.31packet_len7+0.272packet_len3-0.265payload_len6...
 0.5887   2 0.37 packet_len8+0.369payload_len8+0.233packet_len9+0.233payload_len9-0.232payload_len5...
 0.4643   3 0.405interval4+0.317interval1-0.309packet_len10-0.308payload_len10+0.258payload_len8...
 0.3622   4 0.369payload_len9+0.369packet_len9+0.35 packet_len5+0.348payload_len5+0.285interval1...
 0.2929   5 -0.36interval3+0.353packet_len7+0.35 payload_len7-0.338interval5+0.326interval7...
 0.2344   6 0.429interval6-0.338interval1-0.313interval5-0.289packet_len2+0.288payload_len10...
 0.1853   7 -0.53interval9-0.323packet_len2-0.272packet_len3+0.264payload_len10+0.26 packet_len10...
 0.14     8 0.436packet_len6+0.435payload_len6+0.321interval9+0.308interval7+0.293interval8...
 0.1042   9 -0.858interval2+0.184payload_len9-0.182packet_len2+0.182packet_len9-0.161interval3...
 0.0737  10 0.751sport-0.347interval3-0.287dip-0.217interval7+0.182packet_len2...
 0.0485  11 0.443interval2-0.422interval3+0.33 payload_len9+0.327packet_len9-0.302sport...

Selected attributes: 1,2,3,4,5,6,7,8,9,10,11 : 11

